50
245
219
219
186
186
175
175
179
136
135
135
138
135
111
139
112
103
123
107
104
107
83
97
89
85
80
81
89
70
65
62
79
81
49
59
69
69
79
77
65
75
77
87
129
218
351
543
728
682
319
401
230
282
205
158
119
111
150
133
101
125
80
111
83
83
118
90
111
90
89
85
90
107
79
82
94
83
100
82
85
103
74
87
87
73
89
67
88
79
73
81
63
89
67
66
82
73
73
63
61
58
46
67
69
46
68
61
70
61
59
70
63
78
66
83
85
75
129
82
78
81
78
92
74
79
78
75
96
87
69
171
197
155
114
79
85
65
83
51
63
56
63
62
71
72
77
85
91
111
123
150
182
243
375
477
615
694
892
1023
1023
1023
1023
1023
1023
1023
1023
980
1023
1012
987
1004
993
984
986
970
952
925
910
894
847
828
812
785
774
750
709
614
598
601
559
540
516
484
472
440
402
379
365
376
346
346
337
297
294
275
249
239
227
205
187
191
177
173
187
165
162
137
142
135
133
134
120
123
111
89
89
94
85
87
71
83
77
62
90
91
115
147
139
118
92
95
103
100
75
67
77
71
73
66
55
65
54
61
70
54
61
52
44
57
49
49
51
42
60
61
58
51
66
85
82
101
105
99
145
218
251
319
473
662
980
1014
1023
1023
1023
1023
576
974
518
654
458
347
304
301
302
290
235
229
218
213
199
205
186
181
183
173
177
165
153
171
156
163
143
133
163
145
170
149
125
161
135
133
143
143
143
135
139
133
142
143
139
131
135
123
131
138
247
209
133
123
144
135
163
118
119
145
147
143
120
121
130
154
131
135
127
115
95
143
125
131
111
134
143
129
120
115
111
133
125
137
118
113
106
124
123
122
118
125
124
131
136
123
112
90
113
199
356
558
684
637
295
245
181
146
115
115
114
109
119
140
165
256
389
592
882
999
1020
1023
1023
1023
1023
1023
1023
1023
1023
1023
1023
1023
1023
1023
1023
1023
1023
1023
1023
1023
1023
1023
1023
1023
1023
1023
1023
1023
1023
1023
1023
1023
1023
1023
1023
1023
1023
1023
1023
1023
1023
1023
1023
1023
1023
1023
1023
1023
1023
1023
1023
1023
1023
1023
1022
1021
1020
1020
1023
1021
1022
1023
1023
1023
1023
1023
1023
1023
1023
1013
786
352
258
181
154
113
109
101
93
87
71
67
79
70
67
55
71
71
72
69
77
71
67
81
