55
253
229
231
207
181
196
155
179
147
153
158
141
151
133
126
119
95
119
111
105
115
75
85
101
95
93
86
89
77
75
86
62
82
65
79
73
67
70
60
59
67
71
79
59
51
63
80
65
53
63
67
107
147
151
273
424
672
860
734
327
470
239
310
262
222
161
171
175
127
119
131
125
115
107
95
109
113
93
97
109
79
95
105
93
84
72
102
85
90
83
75
78
71
72
87
63
70
79
81
75
68
82
83
65
105
79
93
63
89
85
95
103
78
93
85
99
95
95
85
97
81
100
90
86
100
87
87
84
79
89
85
97
95
86
81
93
100
90
91
97
86
91
73
74
75
71
89
70
68
51
61
92
50
55
47
61
65
61
75
79
81
117
125
146
167
218
311
410
561
713
847
1000
1023
1023
1023
1023
1023
1023
1023
1023
1023
1023
1023
1023
1023
1023
1011
1000
985
956
856
760
736
659
623
578
540
517
476
458
423
401
372
361
331
322
301
275
278
245
250
249
225
217
213
201
188
173
191
167
190
170
150
169
140
129
131
139
149
138
145
153
154
175
159
167
142
142
147
147
126
111
115
121
118
117
111
111
111
112
129
108
106
99
93
109
83
90
99
95
94
94
95
83
81
102
87
79
64
81
83
70
75
73
73
71
67
66
55
77
64
59
77
59
43
43
55
55
51
59
59
47
67
78
77
79
85
121
140
175
255
310
320
342
559
916
1021
1023
1023
1023
1023
1023
642
1020
554
696
662
574
539
506
461
452
443
434
417
413
404
396
394
407
423
431
434
418
428
442
443
453
454
449
448
448
452
430
431
405
389
383
347
322
307
279
265
239
220
200
170
171
171
171
157
155
155
143
111
117
129
132
122
123
111
118
117
121
106
123
117
118
103
115
107
125
112
105
114
125
115
113
115
121
111
113
115
99
116
119
133
117
136
119
147
147
148
189
211
230
239
197
113
85
78
83
57
44
71
50
61
68
48
54
49
47
71
58
63
66
71
54
61
81
65
67
66
71
81
71
83
90
106
91
102
119
144
187
204
285
384
491
552
528
408
274
212
183
163
135
142
113
112
132
114
109
89
95
91
71
87
85
75
69
87
93
95
86
101
102
119
113
132
159
183
203
251
311
394
496
605
673
687
600
455
400
377
271
210
186
155
126
127
