7
613
226
151
207
159
163
129
134
105
99
139
79
83
71
47
94
190
358
340
135
287
124
223
187
171
166
138
169
114
123
127
107
115
106
131
99
107
118
99
111
95
99
105
93
109
90
96
99
81
97
81
101
95
87
87
77
79
71
79
74
51
77
99
135
112
72
93
63
69
69
63
65
66
89
90
99
125
121
147
131
155
176
167
207
180
189
206
201
219
214
216
223
225
233
210
217
198
197
194
179
182
168
161
162
150
160
137
134
103
97
83
47
31
9
43
248
594
984
1012
859
335
638
374
374
418
388
371
365
332
332
334
335
337
323
331
317
319
308
299
291
260
342
487
555
409
476
437
478
476
480
485
501
502
522
519
524
526
514
540
554
576
591
613
641
649
651
655
642
632
622
608
590
576
561
529
524
483
465
449
414
400
367
348
310
287
271
250
238
218
187
172
163
201
256
263
230
190
157
135
102
67
43
31
11
10
87
239
483
882
1014
1023
1023
1023
973
905
755
629
315
306
247
213
192
183
143
95
76
56
36
23
15
11
15
8
7
4
14
10
7
12
15
23
30
39
43
50
67
71
75
71
79
78
73
63
67
62
60
53
54
41
41
40
39
37
36
27
19
23
20
23
528
401
289
231
165
125
121
91
73
61
45
41
23
29
13
15
7
10
11
8
4
7
3
2
5
7
9
3
3
3
7
9
254
245
105
75
57
31
21
15
24
41
103
257
470
619
524
206
211
109
101
61
37
34
36
33
27
21
15
6
9
15
7
11
9
10
10
6
4
8
4
7
9
3
6
10
5
3
4
7
2
1
2
2
2
2
2
4
5
11
3
2
22
46
13
55
15
41
25
18
31
7
31
7
0
38
19
2
23
11
1
31
15
2
9
16
2
11
11
2
19
6
0
26
13
2
5
10
1
3
4
2
1
5
8
7
27
51
32
14
9
2
13
4
11
53
91
197
327
452
473
306
107
77
33
24
11
6
3
5
7
7
3
2
2
1
5
4
1
3
1
9
3
10
3
1
7
3
7
8
3
15
31
33
33
19
27
19
31
37
35
58
65
91
133
173
237
324
403
424
328
146
48
21
6
3
6
1
2
1
0
0
1
0
0
0
0
2
0
0
2
0
0
0
0
0
0
0
0
3
23
