175
167
161
158
149
148
151
133
127
119
115
101
109
89
79
70
45
41
119
314
453
314
141
279
202
135
182
199
167
144
123
134
146
119
118
118
116
134
127
134
132
125
139
126
134
131
134
137
129
135
125
123
123
113
111
91
87
82
82
93
102
116
141
117
119
199
199
171
199
197
190
190
178
194
187
203
203
185
193
165
173
184
217
243
220
248
243
257
267
255
270
265
265
273
245
248
233
224
228
209
215
191
199
195
173
185
171
167
161
154
149
105
82
59
29
8
3
121
423
906
1023
1023
1023
629
969
515
733
645
561
534
559
554
544
511
537
519
542
543
555
564
569
583
594
606
613
629
644
667
688
716
752
776
803
834
860
862
839
835
814
816
819
802
761
776
748
672
646
626
594
546
528
491
444
426
396
389
346
321
321
292
271
252
259
239
231
215
158
146
117
103
78
59
65
49
31
20
15
7
6
3
2
1
0
0
1
0
6
10
28
70
135
237
405
641
934
972
696
259
430
172
211
227
201
198
179
167
160
148
157
139
135
145
143
147
153
158
160
155
164
153
158
172
163
164
157
155
146
145
138
137
138
128
123
120
108
103
88
87
86
85
89
82
76
82
83
79
71
66
71
65
59
64
51
60
57
48
54
42
39
45
41
41
31
37
31
23
30
23
22
24
19
21
18
15
18
13
10
5
4
11
13
9
11
6
11
5
3
3
0
3
1
0
0
0
0
5
77
240
489
770
891
624
236
331
134
165
159
135
90
69
56
74
67
58
54
51
47
50
35
43
37
34
33
29
27
25
27
23
19
23
19
17
15
20
19
18
15
15
15
15
15
15
17
18
15
14
11
9
11
12
7
8
12
9
10
7
6
12
6
7
6
2
6
5
3
3
1
4
1
1
13
3
1
1
1
2
0
0
1
0
2
4
2
2
3
8
15
30
37
21
8
2
0
0
0
0
0
0
0
0
3
20
93
236
438
654
700
461
168
212
99
111
93
83
85
83
79
75
71
69
75
70
79
75
78
87
89
95
103
103
121
115
122
136
143
159
172
182
206
233
261
306
347
386
464
546
648
787
932
984
1013
980
712
326
175
107
53
23
10
7
3
0
0
0
0
1
0
0
1
0
6
2
2
5
3
5
10
11
9
7
