141
159
145
151
142
119
134
113
131
127
103
105
114
111
99
101
108
93
99
87
95
95
81
95
83
85
89
73
89
69
80
75
79
71
59
66
63
67
66
51
55
45
65
58
46
53
41
38
17
27
14
7
1
0
23
177
402
760
950
746
265
504
222
275
339
269
230
208
152
127
135
119
122
113
130
123
150
153
152
188
163
163
151
156
183
173
198
190
205
224
209
235
225
235
239
241
253
232
253
239
218
231
197
219
195
198
190
172
190
167
189
183
173
184
151
174
167
166
181
159
175
160
167
168
161
177
153
172
170
159
183
155
170
166
165
165
146
151
163
175
175
149
163
155
171
164
153
164
136
150
117
109
100
70
70
57
67
71
97
118
103
119
103
83
75
44
30
21
36
79
124
297
527
858
1009
1023
1023
1023
1023
1023
828
1023
924
1004
987
964
927
912
932
888
784
808
748
775
740
739
734
732
736
692
701
660
626
618
600
571
561
540
526
498
476
447
443
415
391
392
352
356
335
317
323
309
322
306
296
306
299
308
287
305
301
290
295
265
284
281
271
276
271
299
263
239
208
181
171
137
131
98
79
67
35
33
15
13
9
5
7
1
7
1
3
5
0
7
1
3
10
3
4
0
5
1
0
3
0
0
0
0
4
0
1
0
3
0
0
3
0
0
0
0
1
0
0
0
0
0
0
0
0
0
0
0
2
0
0
7
3
46
103
231
435
596
646
325
138
135
87
45
37
29
17
19
17
12
27
8
15
7
7
18
8
13
6
11
9
3
11
3
11
7
3
4
1
11
5
3
11
2
9
3
3
0
2
5
1
7
7
5
10
2
6
3
5
5
1
7
0
5
7
3
7
0
3
0
0
5
1
4
3
1
7
2
4
0
3
3
0
8
1
8
13
11
39
55
89
97
65
23
7
3
0
0
1
0
1
0
0
0
0
2
0
1
0
0
0
0
1
0
0
0
0
0
0
0
1
0
0
0
0
0
0
0
0
0
0
0
0
0
0
0
0
5
20
70
148
281
456
684
902
915
570
223
228
111
110
97
78
73
81
63
78
67
87
86
89
117
123
169
226
297
401
465
486
363
161
51
18
5
0
1
0
0
0
0
0
0
1
0
0
0
0
1
1
0
1
0
2
2
2
3
