171
165
163
150
150
143
139
137
144
132
118
112
121
111
115
109
100
101
101
93
95
90
90
87
63
57
51
46
26
12
7
117
338
579
565
235
355
202
279
215
157
127
136
163
156
115
146
127
131
125
129
127
119
113
115
115
96
92
95
77
83
103
143
154
149
135
125
111
99
171
83
124
169
110
199
223
134
238
244
200
181
227
213
201
215
227
221
215
259
238
251
263
262
255
264
254
255
248
242
222
211
218
201
208
196
193
186
181
183
180
177
176
175
163
169
157
161
157
155
150
141
139
133
122
123
113
94
93
89
59
59
35
19
27
93
253
459
900
1016
1023
1023
1023
1023
928
1005
966
652
769
768
745
712
704
705
680
692
697
700
704
712
718
737
741
751
711
707
678
643
601
583
527
536
511
535
575
590
590
589
612
570
597
599
606
628
639
636
642
623
605
632
647
590
557
525
508
496
492
470
468
478
431
383
341
336
311
288
271
249
234
235
225
211
209
187
171
159
140
131
127
115
97
91
63
43
41
31
17
9
5
3
3
3
12
21
29
29
25
23
31
39
35
47
64
111
203
364
587
798
800
405
220
275
205
135
151
152
133
127
127
115
95
105
107
99
85
92
101
86
75
75
64
55
62
71
54
51
57
51
45
43
46
37
43
42
35
41
34
29
31
30
25
28
26
23
23
25
21
23
19
21
22
19
23
22
21
21
17
43
47
47
30
31
106
39
25
39
23
15
31
36
17
15
22
21
19
20
22
16
21
23
14
15
19
13
13
15
15
7
6
7
7
16
9
7
14
9
4
7
7
9
9
2
0
0
0
0
0
0
0
1
30
107
229
450
748
976
990
904
361
417
211
232
190
147
134
127
119
119
102
91
86
77
75
63
60
52
47
38
32
27
22
22
14
7
7
6
10
7
5
3
2
2
3
3
5
4
5
3
7
10
7
7
5
3
7
7
7
6
7
4
6
7
14
23
17
23
31
37
59
83
119
186
248
293
259
135
38
11
2
0
0
0
0
0
0
0
0
0
0
0
0
0
0
0
0
0
0
1
0
3
0
0
0
0
0
0
0
0
0
0
2
2
26
108
257
471
806
984
1010
1011
986
637
730
600
605
582
590
600
638
682
726
774
836
918
968
985
996
1001
1004
999
972
